fiberLenElboFlex = [[      0.00000000,  0.00000000,  0.00350486,  0.06666161,  0.13690313,  0.17627410,  0.09072633,  0.19503137,  0.07343533,  0.05824527,  0.07667430,  0.15543128,  0.05739210,  0.08251990,  0.05507007,  0.05698303,  0.06408346,  0.06303047,  0.05043992,  0.06209895,  0.05972867,  0.06428054,  0.05550584,  0.06070605,  0.04113306,  0.06599153,  0.06665474,  0.06653758,  0.07028198,  0.07750712,  0.04229977,  0.06486173,  0.06426226,  0.05399008,  0.07506849,  0.20307645,  0.18291048,  0.25632307,  0.11500591,  0.11584008,  0.10272235,  0.05978440,  0.02647197,  0.05791242,  0.08297879,  0.03250367,  0.07043824,  0.16806639,  0.06783434,  0.06897315,  0.17008032,  0.06449434];[
      1.00000000,  1.31313131,  0.00369469,  0.06666161,  0.13661794,  0.17599995,  0.09049285,  0.19471887,  0.07343533,  0.05824527,  0.07667430,  0.15543128,  0.05726693,  0.08233640,  0.05521258,  0.05713156,  0.06425737,  0.06318534,  0.05063212,  0.06224380,  0.05972867,  0.06428054,  0.05550584,  0.06054058,  0.04101515,  0.06599153,  0.06665474,  0.06653758,  0.07028198,  0.07750712,  0.04219309,  0.06486173,  0.06422390,  0.05399008,  0.07506849,  0.20307645,  0.18291048,  0.25632307,  0.11500591,  0.11584008,  0.10272235,  0.05971782,  0.02647197,  0.05775888,  0.08297879,  0.03250367,  0.07043824,  0.16806639,  0.06783434,  0.06938972,  0.17056188,  0.06490985];[
      2.00000000,  2.62626263,  0.00389154,  0.06666161,  0.13633300,  0.17572594,  0.09025681,  0.19440413,  0.07343533,  0.05824527,  0.07667430,  0.15543128,  0.05714305,  0.08216137,  0.05535602,  0.05727950,  0.06443055,  0.06333971,  0.05082376,  0.06238896,  0.05972867,  0.06428054,  0.05550584,  0.06036913,  0.04086517,  0.06599153,  0.06665474,  0.06653758,  0.07028198,  0.07750712,  0.04212099,  0.06486173,  0.06413074,  0.05399008,  0.07506849,  0.20307645,  0.18291048,  0.25632307,  0.11500591,  0.11584008,  0.10272235,  0.05963938,  0.02647197,  0.05759400,  0.08297879,  0.03250367,  0.07043824,  0.16806639,  0.06783434,  0.06981850,  0.17105678,  0.06533694];[
      3.00000000,  3.93939394,  0.00409513,  0.06666161,  0.13604682,  0.17545065,  0.09001825,  0.19408624,  0.07343533,  0.05824527,  0.07667430,  0.15543128,  0.05702049,  0.08199602,  0.05550031,  0.05742678,  0.06460295,  0.06349351,  0.05101477,  0.06253436,  0.05972867,  0.06428054,  0.05550584,  0.06019285,  0.04068958,  0.06599153,  0.06665474,  0.06653758,  0.07028198,  0.07750712,  0.04206442,  0.06486173,  0.06403231,  0.05399008,  0.07506849,  0.20307645,  0.18291048,  0.25632307,  0.11500591,  0.11584008,  0.10272235,  0.05954960,  0.02647197,  0.05741931,  0.08297879,  0.03250367,  0.07043824,  0.16806639,  0.06783434,  0.07025822,  0.17156341,  0.06577426];[
      4.00000000,  5.25252526,  0.00430517,  0.06666161,  0.13575941,  0.17517409,  0.08977719,  0.19376739,  0.07343533,  0.05824527,  0.07667430,  0.15543128,  0.05689933,  0.08184124,  0.05564536,  0.05757331,  0.06477572,  0.06364668,  0.05120502,  0.06267994,  0.05972867,  0.06428054,  0.05550584,  0.06001181,  0.04049517,  0.06599153,  0.06665474,  0.06653758,  0.07028198,  0.07750712,  0.04198856,  0.06486173,  0.06392730,  0.05399008,  0.07506849,  0.20307645,  0.18291048,  0.25632307,  0.11500591,  0.11584008,  0.10272235,  0.05944897,  0.02647197,  0.05723608,  0.08297879,  0.03250367,  0.07043824,  0.16806639,  0.06783434,  0.07070772,  0.17208030,  0.06622064];[
      5.00000000,  6.56565657,  0.00452135,  0.06666161,  0.13547076,  0.17489623,  0.08953369,  0.19344614,  0.07343533,  0.05824527,  0.07667430,  0.15543128,  0.05677962,  0.08169852,  0.05579109,  0.05771901,  0.06494539,  0.06379915,  0.05139437,  0.06282563,  0.05972867,  0.06428054,  0.05550584,  0.05982615,  0.04026735,  0.06599153,  0.06665474,  0.06653758,  0.07028198,  0.07750712,  0.04190106,  0.06486173,  0.06381415,  0.05399008,  0.07506849,  0.20307645,  0.18291048,  0.25632307,  0.11500591,  0.11584008,  0.10272235,  0.05933850,  0.02647197,  0.05704537,  0.08297879,  0.03250367,  0.07043824,  0.16806639,  0.06783434,  0.07116604,  0.17260618,  0.06667504];[
      6.00000000,  7.87878789,  0.00474341,  0.06666161,  0.13518085,  0.17461708,  0.08928778,  0.19312254,  0.07343533,  0.05824527,  0.07667430,  0.15543128,  0.05666142,  0.08154831,  0.05593743,  0.05786379,  0.06511397,  0.06395084,  0.05158271,  0.06297135,  0.05972867,  0.06428054,  0.05550584,  0.05963669,  0.04003982,  0.06599153,  0.06665474,  0.06653758,  0.07028198,  0.07750712,  0.04180170,  0.06486173,  0.06369201,  0.05399008,  0.07506849,  0.20307645,  0.18291048,  0.25632307,  0.11500591,  0.11584008,  0.10272235,  0.05921769,  0.02647197,  0.05684809,  0.08297879,  0.03250367,  0.07043824,  0.16806639,  0.06783434,  0.07163228,  0.17313987,  0.06713655];[
      7.00000000,  9.19191920,  0.00497105,  0.06666161,  0.13488674,  0.17433379,  0.08903949,  0.19279660,  0.07343533,  0.05824527,  0.07667430,  0.15543128,  0.05654478,  0.08138756,  0.05608430,  0.05800757,  0.06528138,  0.06410171,  0.05176988,  0.06311703,  0.05972867,  0.06428054,  0.05550584,  0.05944384,  0.03985230,  0.06599153,  0.06665474,  0.06653758,  0.07028198,  0.07750712,  0.04169121,  0.06486173,  0.06356136,  0.05399008,  0.07506849,  0.20307645,  0.18291048,  0.25632307,  0.11500591,  0.11584008,  0.10272235,  0.05908811,  0.02647197,  0.05664502,  0.08297879,  0.03250367,  0.07043824,  0.16806639,  0.06783434,  0.07210568,  0.17368034,  0.06760436];[
      8.00000000, 10.50505052,  0.00520399,  0.06666161,  0.13457535,  0.17403385,  0.08878885,  0.19246837,  0.07343533,  0.05824527,  0.07667430,  0.15543128,  0.05642976,  0.08121747,  0.05623162,  0.05815028,  0.06545054,  0.06425167,  0.05195576,  0.06326262,  0.05972867,  0.06428054,  0.05550584,  0.05924771,  0.03971193,  0.06599153,  0.06665474,  0.06653758,  0.07028198,  0.07750712,  0.04157068,  0.06486173,  0.06342291,  0.05399008,  0.07506849,  0.20307645,  0.18291048,  0.25632307,  0.11500591,  0.11584008,  0.10272235,  0.05895059,  0.02647197,  0.05643692,  0.08297879,  0.03250367,  0.07043824,  0.16806639,  0.06783434,  0.07258547,  0.17422667,  0.06807778];[
      9.00000000, 11.81818183,  0.00544196,  0.06666161,  0.13424555,  0.17371582,  0.08853592,  0.19213600,  0.07343533,  0.05824527,  0.07667430,  0.15543128,  0.05631642,  0.08103857,  0.05637932,  0.05829182,  0.06561668,  0.06440068,  0.05214021,  0.06340804,  0.05972867,  0.06428054,  0.05550584,  0.05904908,  0.03962565,  0.06599153,  0.06665474,  0.06653758,  0.07028198,  0.07750712,  0.04144128,  0.06486173,  0.06327739,  0.05399008,  0.07506849,  0.20307645,  0.18291048,  0.25632307,  0.11500591,  0.11584008,  0.10272235,  0.05880589,  0.02647197,  0.05622464,  0.08297879,  0.03250367,  0.07043824,  0.16806639,  0.06783434,  0.07307095,  0.17477802,  0.06855617];[
     10.00000000, 13.13131315,  0.00568467,  0.06666161,  0.13389703,  0.17337977,  0.08828072,  0.19177950,  0.07343533,  0.05824527,  0.07667430,  0.15543128,  0.05620481,  0.08085178,  0.05652731,  0.05843213,  0.06578153,  0.06454867,  0.05232312,  0.06355323,  0.05972867,  0.06428054,  0.05550584,  0.05884796,  0.03958234,  0.06599153,  0.06665474,  0.06653758,  0.07028198,  0.07750712,  0.04130410,  0.06486173,  0.06312550,  0.05399008,  0.07506849,  0.20307645,  0.18291048,  0.25632307,  0.11500591,  0.11584008,  0.10272235,  0.05865537,  0.02647197,  0.05600876,  0.08297879,  0.03250367,  0.07043824,  0.16806639,  0.06783434,  0.07356148,  0.17533366,  0.06903901];[
