momentDataElbow = [[0.00000000, 0.00000000,-0.00812536, 0.00000000, 0.01123568, 0.01123568, 0.01004195, 0.01324339, 0.00000000, 0.00000000, 0.00000000, 0.00000000, 0.00568191, 0.00666329,-0.00648053,-0.00684513,-0.00778282,-0.00714509,-0.00895133,-0.00668718, 0.00000000, 0.00000000, 0.00000000, 0.00720411, 0.00665980,-0.00000000, 0.00000000, 0.00000000, 0.00000000,-0.00000000, 0.00370338, 0.00000000, 0.00282854, 0.00000000, 0.00000000, 0.00000000, 0.00000000, 0.00000000, 0.00000000, 0.00000000, 0.00000000, 0.00208071, 0.00000000, 0.00650766, 0.00000000, 0.00000000, 0.00000000, 0.00000000, 0.00000000,-0.02009529,-0.02009529,-0.02009529];[
1.00000000, 1.31313131,-0.00843817, 0.00000000, 0.01127643, 0.01127643, 0.01015896, 0.01333988, 0.00000000, 0.00000000, 0.00000000, 0.00000000, 0.00563334, 0.00655633,-0.00652674,-0.00681361,-0.00773338,-0.00712884,-0.00891131,-0.00670083,-0.00000000,-0.00000000,-0.00000000, 0.00756580, 0.00667001,-0.00000000,-0.00000000,-0.00000000, 0.00000000, 0.00000000, 0.00311162,-0.00000000, 0.00216276,-0.00000000, 0.00000000, 0.00000000, 0.00000000, 0.00000000, 0.00000000, 0.00000000, 0.00000000, 0.00285135,-0.00000000, 0.00695398, 0.00000000, 0.00000000, 0.00000000, 0.00000000, 0.00000000,-0.02069689,-0.02069689,-0.02069689];[
2.00000000, 2.62626263,-0.00873835,-0.00000000, 0.01131917, 0.01131917, 0.01027456, 0.01343720, 0.00000000, 0.00000000, 0.00000000, 0.00000000, 0.00558169, 0.00644582,-0.00656894,-0.00677880,-0.00768038,-0.00710902,-0.00886710,-0.00671082, 0.00000000, 0.00000000, 0.00000000, 0.00788722, 0.00657483, 0.00000000, 0.00000000, 0.00000000, 0.00000000, 0.00000000, 0.00230767, 0.00000000, 0.00313085, 0.00000000, 0.00000000, 0.00000000, 0.00000000, 0.00000000, 0.00000000, 0.00000000, 0.00000000, 0.00358269,-0.00000000, 0.00733076, 0.00000000, 0.00000000, 0.00000000, 0.00000000, 0.00000000,-0.02122575,-0.02122575,-0.02122575];[
3.00000000, 3.93939394,-0.00902588,-0.00000000, 0.01136385, 0.01136385, 0.01038871, 0.01353531, 0.00000000, 0.00000000, 0.00000000, 0.00000000, 0.00552695, 0.00632988,-0.00660717,-0.00674076,-0.00762390,-0.00708566,-0.00881874,-0.00671720,-0.00000000,-0.00000000,-0.00000000, 0.00817147, 0.00637452, 0.00000000,-0.00000000,-0.00000000,-0.00000000,-0.00000000, 0.00268534,-0.00000000, 0.00399761, 0.00000000, 0.00000000, 0.00000000, 0.00000000, 0.00000000, 0.00000000, 0.00000000, 0.00000000, 0.00425182,-0.00000000, 0.00765423, 0.00000000, 0.00000000, 0.00000000, 0.00000000, 0.00000000,-0.02168973,-0.02168973,-0.02168973];[
4.00000000, 5.25252526,-0.00930077,-0.00000000, 0.01141043, 0.01141043, 0.01050141, 0.01363418, 0.00000000, 0.00000000, 0.00000000, 0.00000000, 0.00546917, 0.00620598,-0.00664145,-0.00669951,-0.00756397,-0.00705881,-0.00876632,-0.00672000, 0.00000000,-0.00000000, 0.00000000, 0.00841064, 0.00606424, 0.00000000, 0.00000000, 0.00000000, 0.00000000, 0.00000000, 0.00357893, 0.00000000, 0.00472335, 0.00000000, 0.00000000, 0.00000000, 0.00000000, 0.00000000, 0.00000000, 0.00000000, 0.00000000, 0.00482076, 0.00000000, 0.00793524, 0.00000000, 0.00000000, 0.00000000, 0.00000000, 0.00000000,-0.02209589,-0.02209589,-0.02209589];[
5.00000000, 6.56565657,-0.00956308, 0.00000000, 0.01145886, 0.01145886, 0.01061262, 0.01373376, 0.00000000, 0.00000000, 0.00000000, 0.00000000, 0.00540836, 0.00648879,-0.00667181,-0.00665512,-0.00750067,-0.00702852,-0.00870989,-0.00671925, 0.00000000,-0.00000000, 0.00000000, 0.00858458, 0.00552297, 0.00000000, 0.00000000, 0.00000000, 0.00000000, 0.00000000, 0.00433355, 0.00000000, 0.00529243, 0.00000000, 0.00000000, 0.00000000, 0.00000000, 0.00000000, 0.00000000, 0.00000000, 0.00000000, 0.00532050, 0.00000000, 0.00818152, 0.00000000, 0.00000000, 0.00000000, 0.00000000, 0.00000000,-0.02245051,-0.02245051,-0.02245051];[
6.00000000, 7.87878789,-0.00981289, 0.00000000, 0.01150909, 0.01150909, 0.01072234, 0.01383400, 0.00000000, 0.00000000, 0.00000000, 0.00000000, 0.00534455, 0.00694398,-0.00669829,-0.00660763,-0.00743405,-0.00699482,-0.00864953,-0.00671501,-0.00000000,-0.00000000,-0.00000000, 0.00874176, 0.00478954,-0.00000000,-0.00000000,-0.00000000,-0.00000000,-0.00000000, 0.00496598, 0.00000000, 0.00577088,-0.00000000, 0.00000000, 0.00000000, 0.00000000, 0.00000000, 0.00000000, 0.00000000, 0.00000000, 0.00576120, 0.00000000, 0.00839883, 0.00000000,-0.00000000, 0.00000000, 0.00000000, 0.00000000,-0.02275918,-0.02275918,-0.02275918];[
7.00000000, 9.19191920,-0.01005033,-0.00000000, 0.01196292, 0.01196292, 0.01083053, 0.01393486, 0.00000000, 0.00000000, 0.00000000, 0.00000000, 0.00527776, 0.00736280,-0.00672093,-0.00655707,-0.00736417,-0.00695777,-0.00858529,-0.00670730,-0.00000000,-0.00000000,-0.00000000, 0.00888423, 0.00400621,-0.00000000,-0.00000000,-0.00000000,-0.00000000,-0.00000000, 0.00550306,-0.00000000, 0.00617955,-0.00000000, 0.00000000, 0.00000000, 0.00000000, 0.00000000, 0.00000000, 0.00000000, 0.00000000, 0.00615186,-0.00000000, 0.00859163, 0.00000000, 0.00000000, 0.00000000, 0.00000000, 0.00000000,-0.02302681,-0.02302681,-0.02302681];[
8.00000000,10.50505052,-0.01027553, 0.00000000, 0.01270557, 0.01270557, 0.01093719, 0.01403898, 0.00000000, 0.00000000, 0.00000000, 0.00000000, 0.00520804, 0.00775202,-0.00673977,-0.00650351,-0.00729108,-0.00691741,-0.00851726,-0.00669617, 0.00000000,-0.00000000,-0.00000000, 0.00901364, 0.00317226,-0.00000000,-0.00000000,-0.00000000,-0.00000000,-0.00000000, 0.00596381,-0.00000000, 0.00653314,-0.00000000, 0.00000000, 0.00000000, 0.00000000, 0.00000000, 0.00000000, 0.00000000, 0.00000000, 0.00650012,-0.00000000, 0.00876348, 0.00000000,-0.00000000, 0.00000000, 0.00000000, 0.00000000,-0.02325773,-0.02325773,-0.02325773];[
9.00000000,11.81818183,-0.01048866,-0.00000000, 0.01344560, 0.01344560, 0.01104227, 0.01456873, 0.00000000, 0.00000000, 0.00000000, 0.00000000, 0.00513539, 0.00811688,-0.00675484,-0.00644699,-0.00721485,-0.00687379,-0.00844549,-0.00668167,-0.00000000,-0.00000000, 0.00000000, 0.00913163, 0.00230467,-0.00000000,-0.00000000,-0.00000000,-0.00000000,-0.00000000, 0.00636313,-0.00000000, 0.00684230,-0.00000000, 0.00000000, 0.00000000, 0.00000000, 0.00000000, 0.00000000, 0.00000000, 0.00000000, 0.00681221, 0.00000000, 0.00891734, 0.00000000,-0.00000000, 0.00000000, 0.00000000, 0.00000000,-0.02345571,-0.02345571,-0.02345571];[
10.00000000,13.13131315,-0.01068992, 0.00000000, 0.01418282, 0.01418282, 0.01114578, 0.01583475, 0.00000000, 0.00000000, 0.00000000, 0.00000000, 0.00505987, 0.00846152,-0.00676620,-0.00638755,-0.00713554,-0.00682695,-0.00837005,-0.00666384, 0.00000000,-0.00000000, 0.00000000, 0.00923959, 0.00204274, 0.00000000,-0.00000000, 0.00000000, 0.00000000, 0.00000000, 0.00671240,-0.00000000, 0.00711495, 0.00000000, 0.00000000, 0.00000000, 0.00000000, 0.00000000, 0.00000000, 0.00000000, 0.00000000, 0.00709340,-0.00000000, 0.00905563, 0.00000000,-0.00000000, 0.00000000, 0.00000000, 0.00000000,-0.02362409,-0.02362409,-0.02362409];[
11.00000000,14.44444446,-0.01087949, 0.00000000, 0.01491709, 0.01491709, 0.01124767, 0.01709830, 0.00000000, 0.00000000, 0.00000000, 0.00000000, 0.00498151, 0.00878931,-0.00677387,-0.00632525,-0.00705320,-0.00677695,-0.00829101,-0.00664272, 0.00000000,-0.00000000, 0.00000000, 0.00933880, 0.00279114,-0.00000000, 0.00000000, 0.00000000, 0.00000000, 0.00000000, 0.00702038, 0.00000000, 0.00735718, 0.00000000, 0.00000000, 0.00000000, 0.00000000, 0.00000000, 0.00000000, 0.00000000, 0.00000000, 0.00734808,-0.00000000, 0.00918047, 0.00000000,-0.00000000, 0.00000000, 0.00000000, 0.00000000,-0.02376578,-0.02376578,-0.02376578];[
