    optimalLengths = [[0.027];[0.0713];[0.1157];[0.1321];[0.0858];[0.1726];[0.0932];[0.0976];[0.1078];[0.1367];[0.0585];[0.081];[0.0622];[0.07];[0.065];[0.0724];[0.0626];[0.0675];[0.0589];[0.0675];[0.054];[0.0628];[0.0509];[0.0749];[0.0749];[0.0835];[0.0798];[0.0835];[0.0515];[0.0749];[0.0736];[0.0552];[0.0755];[0.254];[0.2324];[0.2789];[0.1442];[0.1385];[0.1385];[0.0638];[0.0282];[0.0492];[0.0873];[0.033];[0.0682];[0.1624];[0.0741];[0.1138];[0.134];[0.1138]]