% -------------------------------------------------------------------
%  Generated by MATLAB on 25-Apr-2016 23:09:03
%  MATLAB version: 8.6.0.267246 (R2015b)
% -------------------------------------------------------------------
                                          

FP_c = 0.00039533286930622035;

FP_k = 0.13238000517914109;

FP_lr = -0.49155155503748033;

