pForceShoulder = [[  0.00000000, -90.00000018,   0.00000006,   0.00000000, 211.79205385, 267.63320153,   0.00000001,   0.00000001,  16.25357429, 297.30070759,   0.00000004,   0.00000003,   0.00000000,  -0.00000000,   0.00000001,   0.00000000,   0.00000000,   0.00000000,   0.00000001,   0.00000000,  -0.00000000,   0.00000000,  -0.00000000,   0.00000000,   0.00000002,   0.00000001,   0.00000001,   0.00000001,   0.00000001,   0.00000000,   0.00000000,   0.00000001,   0.00000001,   0.00000000,   6.17668176,   0.00000002,   0.00000002,   0.00000001,  -0.00000000,   0.00000001,   0.00000000,   0.00000000,   0.00000000,   1.59767416,   0.00000009,   0.00000000,  25.98246355,   0.00000000,   0.00000002,   0.00000007,   0.00000001,   0.00000008
];[  1.00000000, -87.77777796,   0.00000006,   0.00000000, 218.18347802, 273.94071734,   0.00000001,   0.00000001,  17.25434064, 312.91634136,   0.00000005,   0.00000003,   0.00000000,  -0.00000000,   0.00000001,   0.00000000,   0.00000000,   0.00000000,   0.00000001,   0.00000000,  -0.00000000,   0.00000000,  -0.00000000,   0.00000000,   0.00000002,   0.00000001,   0.00000001,   0.00000001,   0.00000001,   0.00000000,   0.00000000,   0.00000001,   0.00000001,   0.00000000,  12.16397449,   0.00000002,   0.00000002,   0.00000000,  -0.00000000,   0.00000001,   0.00000000,   0.00000000,   0.00000000,   1.59767427,   0.00000009,   0.00000000,  26.79620422,   0.00000000,  -0.00000000,   0.00000007,   0.00000001,   0.00000008
];[  2.00000000, -85.55555573,   0.00000006,   0.00000000, 225.06826314, 279.99660263,   0.00000001,   0.00000001,  18.19695956, 328.33707826,   0.00000005,   0.00000003,   0.00000000,  -0.00000000,   0.00000001,   0.00000000,   0.00000000,   0.00000000,   0.00000001,   0.00000000,  -0.00000000,   0.00000000,  -0.00000000,   0.00000000,   0.00000002,   0.00000001,   0.00000001,   0.00000001,   0.00000001,   0.00000000,   0.00000000,   0.00000001,   0.00000001,   0.00000000,  19.80950294,   0.00000002,   0.00000002,   0.00000000,  -0.00000000,   0.00000001,   0.00000000,   0.00000000,   0.00000000,   1.59767427,   0.00000009,   0.00000000,  27.28573608,   0.00000000,  -0.00000000,   0.00000007,   0.00000001,   0.00000008
];[  3.00000000, -83.33333351,   0.00000006,   0.00000000, 232.45467531, 285.76102838,   0.00000001,   0.00000001,  19.07515050, 343.46925837,   0.00000005,   0.00000003,   0.00000000,  -0.00000000,   0.00000001,   0.00000000,   0.00000000,   0.00000000,   0.00000001,   0.00000000,  -0.00000000,   0.00000000,  -0.00000000,   0.00000000,   0.00000002,   0.00000001,   0.00000001,   0.00000001,   0.00000001,   0.00000000,   0.00000000,   0.00000001,   0.00000001,   0.00000000,  28.86575440,   0.00000002,   0.00000002,   0.00000000,  -0.00000000,   0.00000000,   0.00000000,   0.00000000,   0.00000000,   1.59767427,   0.00000009,   0.00000000,  27.41480326,   0.00000000,  -0.00000000,   0.00000007,   0.00000001,   0.00000008
];[  4.00000000, -81.11111128,   0.00000006,   0.00000000, 240.33493742, 291.19993298,   0.00000001,   0.00000001,  19.88330204, 358.22227254,   0.00000005,   0.00000003,   0.00000000,  -0.00000000,   0.00000001,   0.00000000,   0.00000000,   0.00000000,   0.00000001,   0.00000000,  -0.00000000,   0.00000000,  -0.00000000,   0.00000000,   0.00000002,   0.00000001,   0.00000001,   0.00000001,   0.00000001,   0.00000000,   0.00000000,   0.00000001,   0.00000001,   0.00000000,  39.07328400,   0.00000002,   0.00000002,   0.00000000,   0.00000000,   0.00000000,   0.00000000,   0.00000000,   0.00000000,   1.59767427,   0.00000009,   0.00000000,  27.15044038,   0.00000000,  -0.00000000,   0.00000007,   0.00000001,   0.00000008
];[  5.00000000, -78.88888906,   0.00000006,   0.00000000, 248.71171550, 296.28431191,   0.00000001,   0.00000001,  20.61645355, 358.74298846,   0.00000005,   0.00000003,   0.00000000,  -0.00000000,   0.00000001,   0.00000000,   0.00000000,   0.00000000,   0.00000001,   0.00000000,  -0.00000000,   0.00000000,  -0.00000000,   0.00000000,   0.00000002,   0.00000001,   0.00000001,   0.00000001,   0.00000001,   0.00000000,   0.00000000,   0.00000001,   0.00000001,   0.00000000,  50.16102509,   0.00000002,   0.00000002,   0.00000000,   0.00000000,  -0.00000000,   0.00000000,   0.00000000,   0.00000000,   1.59767427,   0.00000009,   0.00000000,  26.47474363,  -0.00000000,  -0.00000000,   0.00000007,   0.00000001,   0.00000008
];[  6.00000000, -76.66666683,   0.00000006,   0.00000000, 257.57322136, 300.98087225,   0.00000001,   0.00000001,  21.27027522, 355.05185147,   0.00000006,   0.00000002,   0.00000000,  -0.00000000,   0.00000001,   0.00000000,   0.00000000,   0.00000000,   0.00000001,   0.00000000,  -0.00000000,   0.00000000,  -0.00000000,   0.00000000,   0.00000002,   0.00000001,   0.00000001,   0.00000001,   0.00000001,   0.00000000,   0.00000000,   0.00000001,   0.00000001,   0.00000000,  61.85944346,   0.00000002,   0.00000002,   0.00000000,   0.00000000,  -0.00000001,   0.00000000,   0.00000000,   0.00000000,   1.59767427,   0.00000009,   0.00000000,  25.38107947,  -0.00000000,  -0.00000000,   0.00000007,   0.00000001,   0.00000008
];[  7.00000000, -74.44444461,   0.00000006,   0.00000000, 266.90297575, 305.25815700,   0.00000001,   0.00000001,  21.84104749, 350.42655940,   0.00000006,   0.00000002,   0.00000000,  -0.00000000,   0.00000001,   0.00000000,   0.00000000,   0.00000000,   0.00000001,   0.00000000,  -0.00000000,   0.00000000,  -0.00000000,   0.00000000,   0.00000002,   0.00000001,   0.00000001,   0.00000001,   0.00000001,   0.00000000,   0.00000000,   0.00000001,   0.00000001,   0.00000000,  73.81886264,   0.00000002,   0.00000002,   0.00000000,   0.00000000,  -0.00000001,   0.00000000,   0.00000000,   0.00000000,   1.59767427,   0.00000009,   0.00000000,  23.87802293,  -0.00000000,  -0.00000000,   0.00000007,   0.00000001,   0.00000008
];[  8.00000000, -72.22222238,   0.00000006,   0.00000000, 276.69032802, 309.08723855,   0.00000001,   0.00000001,  22.32564069, 344.91017252,   0.00000006,   0.00000002,   0.00000000,  -0.00000000,   0.00000001,   0.00000000,   0.00000000,   0.00000000,   0.00000001,   0.00000000,  -0.00000000,   0.00000000,  -0.00000000,   0.00000000,   0.00000002,   0.00000001,   0.00000001,   0.00000001,   0.00000001,   0.00000000,   0.00000000,   0.00000001,   0.00000001,   0.00000000,  86.03563487,   0.00000002,   0.00000002,   0.00000000,   0.00000001,  -0.00000001,   0.00000000,   0.00000000,   0.00000000,   1.59767427,   0.00000009,   0.00000000,  21.99080833,  -0.00000000,  -0.00000000,   0.00000007,   0.00000001,   0.00000008
];[  9.00000000, -70.00000015,   0.00000006,   0.00000000, 286.95682282, 312.44207707,   0.00000001,   0.00000001,  22.72149556, 338.54998231,   0.00000006,   0.00000002,   0.00000000,  -0.00000000,   0.00000001,   0.00000000,   0.00000000,   0.00000000,   0.00000001,   0.00000000,  -0.00000000,   0.00000000,  -0.00000000,   0.00000000,   0.00000002,   0.00000001,   0.00000001,   0.00000001,   0.00000001,   0.00000000,   0.00000000,   0.00000001,   0.00000001,   0.00000000,  94.53044287,   0.00000002,   0.00000002,   0.00000000,   0.00000001,  -0.00000001,   0.00000000,   0.00000000,   0.00000000,   1.59767427,   0.00000009,   0.00000000,  19.76206043,  -0.00000000,  -0.00000000,   0.00000007,   0.00000001,   0.00000008
